[0-2) [2-4) [4-6) [6-8) [8-10) [10-12) [12-14) [14-16) [16-18) [18-20) [20-22) [22-24) [24-26) [26-28) [28-30) [30-32) [32-34) [34-36) [36-38) [38-40) [40-42) [42-44) [44-46) [46-48) [48-50) [50-52) [52-54) [54-56) [56-58) [58-60) [60-62) [62-64) [64-66) [66-68) [68-70) [70-72) [72-74) [74-76) [76-78) [78-80) [80-82) [82-84) [84-86) [86-88) [88-90) [90-92) [92-94) [94-96) [96-98) [98-100) >=100

======================

ORG 0 113 107 32 27 112 75 93 84 194 96 80 78 66 48 34 53 24 23 20 15 13 7 12 8 5 5 2 6 1 1 0 0 1 1 1 0 1 0 0 1 0 0 0 1 0 1 0 0 0 0

======================

OTHER_PERSON 0 14 258 377 388 460 495 263 161 89 76 25 18 11 7 3 2 1 2 1 1 1 0 0 0 0 0 0 0 0 0 0 0 0 0 0 0 0 0 0 0 0 0 0 0 0 0 0 0 0 0

======================

WITNESS 0 0 57 99 120 162 167 122 56 30 25 20 9 8 2 4 0 0 0 0 0 0 0 0 0 0 0 0 0 0 0 0 0 0 0 0 0 0 0 0 0 0 0 0 0 0 0 0 0 0 0

======================

GPE 0 12 358 389 339 120 53 50 40 17 8 3 4 1 3 0 0 0 0 0 0 0 0 0 1 0 0 0 0 0 0 0 0 0 0 0 0 0 0 0 0 0 0 0 0 0 0 0 0 0 0

======================

STATUTE 0 202 54 201 135 52 259 72 114 86 122 93 59 88 51 20 31 20 19 17 10 10 8 6 4 9 7 6 18 1 4 2 2 2 1 3 5 0 1 3 0 0 0 1 0 0 1 0 0 0 5

======================

DATE 3 0 1 60 571 590 100 201 182 120 26 12 8 8 1 0 1 0 0 0 0 0 0 1 0 0 0 0 0 0 0 0 0 0 0 0 0 0 0 0 0 0 0 0 0 0 0 0 0 0 0

======================

PROVISION 0 5 68 115 232 919 281 225 125 81 60 45 55 27 36 32 14 16 8 6 5 9 4 3 2 6 0 2 0 1 0 1 0 0 0 1 0 0 0 0 0 0 0 0 0 0 0 0 0 0 0

======================

COURT 0 6 8 0 2 159 505 7 181 72 54 112 42 26 29 19 268 270 73 50 29 25 17 15 8 12 10 17 26 3 13 14 15 13 19 25 18 12 23 20 21 16 13 16 13 14 2 5 2 2 46

======================

PRECEDENT 0 0 0 0 1 0 1 31 26 22 18 21 25 29 20 33 22 44 40 42 41 38 51 46 77 52 46 49 67 28 42 49 36 27 38 35 34 27 25 18 15 16 11 11 9 9 10 10 7 4 48

======================

CASE_NUMBER 1 0 0 3 8 16 39 75 108 116 155 65 68 82 73 64 34 24 28 15 17 11 10 7 2 3 2 0 2 1 3 1 0 2 1 0 0 1 0 0 0 1 0 1 0 0 0 0 0 0 1

======================

PETITIONER 0 14 204 192 209 408 386 357 221 215 166 116 80 92 67 70 29 56 31 19 16 8 6 13 6 5 3 6 6 1 5 3 2 2 1 6 2 1 1 2 1 2 1 2 1 1 2 1 1 5 24

======================

JUDGE 0 11 70 103 270 413 481 327 192 233 138 51 13 18 1 1 0 0 0 1 0 0 0 0 0 0 0 0 0 0 0 0 0 1 0 0 0 0 1 0 0 0 0 0 0 0 0 0 0 0 0

======================

RESPONDENT 0 6 128 134 209 402 432 575 232 273 203 214 121 97 87 69 53 50 31 39 28 47 9 15 16 10 10 16 19 12 27 11 8 14 10 17 14 11 12 16 5 6 6 7 8 11 8 6 4 3 121

======================

LAWYER 1 7 10 59 271 781 809 654 409 262 107 46 24 6 4 3 2 4 2 5 1 3 14 2 3 3 3 2 6 1 1 0 0 0 0 0 0 0 0 0 0 0 0 0 0 0 0 0 0 0 0

======================

